########## PKINETICS: Input Processing ###########
// ========================== Kinetic parameters
beff 1  2.6457461646E-04 
beff 2  1.4937238494E-03 
beff 3  1.3179916318E-03 
beff 4  2.8312412831E-03 
beff 5  9.0404463040E-04 
beff 6  1.8842398884E-04 
lambda 1  0.01273 
lambda 2  0.03171 
lambda 3  0.11670 
lambda 4  0.31215 
lambda 5  1.39880 
lambda 6  3.85100 
lifetime 0.026178e-3
// ========================== Simulation initial conditions
precursor 1  0.000
precursor 2  0.000
precursor 3  0.000
precursor 4  0.000
precursor 5  0.000
precursor 6  0.000
population 30.0e-3
// ========================== Reactivity table
rhopoint  0.0    0.0
rhopoint  1.0    0.0
rhopoint  1.0001 0.21
// ========================== Simulation settings
timestep 0.0166666
simtime 10.0
solver 1

########## PKINETICS: Initial conditions ###########
Beff (1-6)
0.000265
0.001494
0.001318
0.002831
0.000904
0.000188

lambda (1-6)
0.012730
0.031710
0.116700
0.312150
1.398800
3.851000

lifetime 0.000026

precursors (1-6)
0.000000
0.000000
0.000000
0.000000
0.000000
0.000000

population 0.030000

timestep 0.016667

simtime 10.000000

solver 1.000000

Reactivity
0.00000e+000 0.00000e+000
1.00000e+000 0.00000e+000
1.00010e+000 2.10000e-001
1.00010e+000 2.10000e-001

########## POWER HISTORY ##########
0.00000e+000 3.00000e-002
1.66666e-002 1.49671e-002
3.33332e-002 1.49044e-002
4.99998e-002 1.48522e-002
6.66664e-002 1.48010e-002
8.33330e-002 1.47509e-002
9.99996e-002 1.47018e-002
1.16666e-001 1.46537e-002
1.33333e-001 1.46065e-002
1.49999e-001 1.45602e-002
1.66666e-001 1.45148e-002
1.83333e-001 1.44701e-002
1.99999e-001 1.44263e-002
2.16666e-001 1.43832e-002
2.33332e-001 1.43408e-002
2.49999e-001 1.42991e-002
2.66666e-001 1.42581e-002
2.83332e-001 1.42178e-002
2.99999e-001 1.41781e-002
3.16665e-001 1.41389e-002
3.33332e-001 1.41004e-002
3.49999e-001 1.40624e-002
3.66665e-001 1.40250e-002
3.83332e-001 1.39881e-002
3.99998e-001 1.39517e-002
4.16665e-001 1.39158e-002
4.33332e-001 1.38803e-002
4.49998e-001 1.38453e-002
4.66665e-001 1.38108e-002
4.83331e-001 1.37767e-002
4.99998e-001 1.37430e-002
5.16665e-001 1.37097e-002
5.33331e-001 1.36769e-002
5.49998e-001 1.36443e-002
5.66664e-001 1.36122e-002
5.83331e-001 1.35804e-002
5.99998e-001 1.35490e-002
6.16664e-001 1.35179e-002
6.33331e-001 1.34872e-002
6.49997e-001 1.34567e-002
6.66664e-001 1.34266e-002
6.83331e-001 1.33968e-002
6.99997e-001 1.33673e-002
7.16664e-001 1.33381e-002
7.33330e-001 1.33091e-002
7.49997e-001 1.32805e-002
7.66664e-001 1.32521e-002
7.83330e-001 1.32240e-002
7.99997e-001 1.31961e-002
8.16663e-001 1.31685e-002
8.33330e-001 1.31411e-002
8.49997e-001 1.31140e-002
8.66663e-001 1.30870e-002
8.83330e-001 1.30604e-002
8.99996e-001 1.30339e-002
9.16663e-001 1.30077e-002
9.33330e-001 1.29817e-002
9.49996e-001 1.29559e-002
9.66663e-001 1.29303e-002
9.83329e-001 1.29049e-002
9.99996e-001 1.28797e-002
1.01666e+000 1.56888e-002
1.03333e+000 1.62112e-002
1.05000e+000 1.61965e-002
1.06666e+000 1.61805e-002
1.08333e+000 1.61644e-002
1.10000e+000 1.61482e-002
1.11666e+000 1.61319e-002
1.13333e+000 1.61156e-002
1.15000e+000 1.60992e-002
1.16666e+000 1.60827e-002
1.18333e+000 1.60662e-002
1.20000e+000 1.60496e-002
1.21666e+000 1.60330e-002
1.23333e+000 1.60163e-002
1.24999e+000 1.59997e-002
1.26666e+000 1.59830e-002
1.28333e+000 1.59663e-002
1.29999e+000 1.59495e-002
1.31666e+000 1.59328e-002
1.33333e+000 1.59160e-002
1.34999e+000 1.58993e-002
1.36666e+000 1.58825e-002
1.38333e+000 1.58658e-002
1.39999e+000 1.58490e-002
1.41666e+000 1.58322e-002
1.43333e+000 1.58155e-002
1.44999e+000 1.57988e-002
1.46666e+000 1.57821e-002
1.48333e+000 1.57654e-002
1.49999e+000 1.57487e-002
1.51666e+000 1.57320e-002
1.53333e+000 1.57153e-002
1.54999e+000 1.56987e-002
1.56666e+000 1.56821e-002
1.58333e+000 1.56655e-002
1.59999e+000 1.56490e-002
1.61666e+000 1.56324e-002
1.63333e+000 1.56159e-002
1.64999e+000 1.55995e-002
1.66666e+000 1.55830e-002
1.68333e+000 1.55666e-002
1.69999e+000 1.55502e-002
1.71666e+000 1.55339e-002
1.73333e+000 1.55175e-002
1.74999e+000 1.55012e-002
1.76666e+000 1.54850e-002
1.78333e+000 1.54687e-002
1.79999e+000 1.54526e-002
1.81666e+000 1.54364e-002
1.83333e+000 1.54203e-002
1.84999e+000 1.54042e-002
1.86666e+000 1.53881e-002
1.88333e+000 1.53721e-002
1.89999e+000 1.53561e-002
1.91666e+000 1.53402e-002
1.93333e+000 1.53243e-002
1.94999e+000 1.53084e-002
1.96666e+000 1.52925e-002
1.98333e+000 1.52767e-002
1.99999e+000 1.52610e-002
2.01666e+000 1.52452e-002
2.03333e+000 1.52295e-002
2.04999e+000 1.52139e-002
2.06666e+000 1.51983e-002
2.08332e+000 1.51827e-002
2.09999e+000 1.51671e-002
2.11666e+000 1.51516e-002
2.13332e+000 1.51361e-002
2.14999e+000 1.51207e-002
2.16666e+000 1.51053e-002
2.18332e+000 1.50899e-002
2.19999e+000 1.50746e-002
2.21666e+000 1.50593e-002
2.23332e+000 1.50441e-002
2.24999e+000 1.50288e-002
2.26666e+000 1.50137e-002
2.28332e+000 1.49985e-002
2.29999e+000 1.49834e-002
2.31666e+000 1.49683e-002
2.33332e+000 1.49533e-002
2.34999e+000 1.49383e-002
2.36666e+000 1.49233e-002
2.38332e+000 1.49084e-002
2.39999e+000 1.48935e-002
2.41666e+000 1.48787e-002
2.43332e+000 1.48638e-002
2.44999e+000 1.48491e-002
2.46666e+000 1.48343e-002
2.48332e+000 1.48196e-002
2.49999e+000 1.48049e-002
2.51666e+000 1.47903e-002
2.53332e+000 1.47757e-002
2.54999e+000 1.47611e-002
2.56666e+000 1.47465e-002
2.58332e+000 1.47320e-002
2.59999e+000 1.47176e-002
2.61666e+000 1.47031e-002
2.63332e+000 1.46887e-002
2.64999e+000 1.46744e-002
2.66666e+000 1.46600e-002
2.68332e+000 1.46457e-002
2.69999e+000 1.46315e-002
2.71666e+000 1.46172e-002
2.73332e+000 1.46030e-002
2.74999e+000 1.45889e-002
2.76666e+000 1.45748e-002
2.78332e+000 1.45607e-002
2.79999e+000 1.45466e-002
2.81666e+000 1.45326e-002
2.83332e+000 1.45186e-002
2.84999e+000 1.45046e-002
2.86666e+000 1.44907e-002
2.88332e+000 1.44768e-002
2.89999e+000 1.44629e-002
2.91666e+000 1.44491e-002
2.93332e+000 1.44353e-002
2.94999e+000 1.44215e-002
2.96665e+000 1.44078e-002
2.98332e+000 1.43941e-002
2.99999e+000 1.43804e-002
3.01665e+000 1.43667e-002
3.03332e+000 1.43531e-002
3.04999e+000 1.43396e-002
3.06665e+000 1.43260e-002
3.08332e+000 1.43125e-002
3.09999e+000 1.42990e-002
3.11665e+000 1.42856e-002
3.13332e+000 1.42721e-002
3.14999e+000 1.42587e-002
3.16665e+000 1.42454e-002
3.18332e+000 1.42320e-002
3.19999e+000 1.42187e-002
3.21665e+000 1.42055e-002
3.23332e+000 1.41922e-002
3.24999e+000 1.41790e-002
3.26665e+000 1.41658e-002
3.28332e+000 1.41527e-002
3.29999e+000 1.41396e-002
3.31665e+000 1.41265e-002
3.33332e+000 1.41134e-002
3.34999e+000 1.41004e-002
3.36665e+000 1.40874e-002
3.38332e+000 1.40744e-002
3.39999e+000 1.40615e-002
3.41665e+000 1.40486e-002
3.43332e+000 1.40357e-002
3.44999e+000 1.40228e-002
3.46665e+000 1.40100e-002
3.48332e+000 1.39972e-002
3.49999e+000 1.39844e-002
3.51665e+000 1.39717e-002
3.53332e+000 1.39590e-002
3.54999e+000 1.39463e-002
3.56665e+000 1.39336e-002
3.58332e+000 1.39210e-002
3.59999e+000 1.39084e-002
3.61665e+000 1.38958e-002
3.63332e+000 1.38833e-002
3.64999e+000 1.38708e-002
3.66665e+000 1.38583e-002
3.68332e+000 1.38458e-002
3.69999e+000 1.38334e-002
3.71665e+000 1.38210e-002
3.73332e+000 1.38086e-002
3.74999e+000 1.37962e-002
3.76665e+000 1.37839e-002
3.78332e+000 1.37716e-002
3.79998e+000 1.37593e-002
3.81665e+000 1.37471e-002
3.83332e+000 1.37349e-002
3.84998e+000 1.37227e-002
3.86665e+000 1.37105e-002
3.88332e+000 1.36984e-002
3.89998e+000 1.36863e-002
3.91665e+000 1.36742e-002
3.93332e+000 1.36621e-002
3.94998e+000 1.36501e-002
3.96665e+000 1.36381e-002
3.98332e+000 1.36261e-002
3.99998e+000 1.36141e-002
4.01665e+000 1.36022e-002
4.03332e+000 1.35903e-002
4.04998e+000 1.35784e-002
4.06665e+000 1.35666e-002
4.08332e+000 1.35547e-002
4.09998e+000 1.35429e-002
4.11665e+000 1.35311e-002
4.13332e+000 1.35194e-002
4.14998e+000 1.35077e-002
4.16665e+000 1.34960e-002
4.18332e+000 1.34843e-002
4.19998e+000 1.34726e-002
4.21665e+000 1.34610e-002
4.23332e+000 1.34494e-002
4.24998e+000 1.34378e-002
4.26665e+000 1.34263e-002
4.28332e+000 1.34147e-002
4.29998e+000 1.34032e-002
4.31665e+000 1.33917e-002
4.33332e+000 1.33803e-002
4.34998e+000 1.33688e-002
4.36665e+000 1.33574e-002
4.38332e+000 1.33461e-002
4.39998e+000 1.33347e-002
4.41665e+000 1.33234e-002
4.43332e+000 1.33120e-002
4.44998e+000 1.33007e-002
4.46665e+000 1.32895e-002
4.48332e+000 1.32782e-002
4.49998e+000 1.32670e-002
4.51665e+000 1.32558e-002
4.53332e+000 1.32446e-002
4.54998e+000 1.32335e-002
4.56665e+000 1.32224e-002
4.58332e+000 1.32113e-002
4.59998e+000 1.32002e-002
4.61665e+000 1.31891e-002
4.63331e+000 1.31781e-002
4.64998e+000 1.31671e-002
4.66665e+000 1.31561e-002
4.68331e+000 1.31451e-002
4.69998e+000 1.31342e-002
4.71665e+000 1.31232e-002
4.73331e+000 1.31123e-002
4.74998e+000 1.31015e-002
4.76665e+000 1.30906e-002
4.78331e+000 1.30798e-002
4.79998e+000 1.30690e-002
4.81665e+000 1.30582e-002
4.83331e+000 1.30474e-002
4.84998e+000 1.30367e-002
4.86665e+000 1.30259e-002
4.88331e+000 1.30152e-002
4.89998e+000 1.30045e-002
4.91665e+000 1.29939e-002
4.93331e+000 1.29833e-002
4.94998e+000 1.29726e-002
4.96665e+000 1.29620e-002
4.98331e+000 1.29515e-002
4.99998e+000 1.29409e-002
5.01665e+000 1.29304e-002
5.03331e+000 1.29199e-002
5.04998e+000 1.29094e-002
5.06665e+000 1.28989e-002
5.08331e+000 1.28885e-002
5.09998e+000 1.28780e-002
5.11665e+000 1.28676e-002
5.13331e+000 1.28573e-002
5.14998e+000 1.28469e-002
5.16665e+000 1.28365e-002
5.18331e+000 1.28262e-002
5.19998e+000 1.28159e-002
5.21665e+000 1.28056e-002
5.23331e+000 1.27954e-002
5.24998e+000 1.27851e-002
5.26665e+000 1.27749e-002
5.28331e+000 1.27647e-002
5.29998e+000 1.27545e-002
5.31665e+000 1.27444e-002
5.33331e+000 1.27342e-002
5.34998e+000 1.27241e-002
5.36665e+000 1.27140e-002
5.38331e+000 1.27039e-002
5.39998e+000 1.26939e-002
5.41665e+000 1.26838e-002
5.43331e+000 1.26738e-002
5.44998e+000 1.26638e-002
5.46664e+000 1.26538e-002
5.48331e+000 1.26439e-002
5.49998e+000 1.26339e-002
5.51664e+000 1.26240e-002
5.53331e+000 1.26141e-002
5.54998e+000 1.26042e-002
5.56664e+000 1.25943e-002
5.58331e+000 1.25845e-002
5.59998e+000 1.25747e-002
5.61664e+000 1.25648e-002
5.63331e+000 1.25551e-002
5.64998e+000 1.25453e-002
5.66664e+000 1.25355e-002
5.68331e+000 1.25258e-002
5.69998e+000 1.25161e-002
5.71664e+000 1.25064e-002
5.73331e+000 1.24967e-002
5.74998e+000 1.24870e-002
5.76664e+000 1.24774e-002
5.78331e+000 1.24678e-002
5.79998e+000 1.24582e-002
5.81664e+000 1.24486e-002
5.83331e+000 1.24390e-002
5.84998e+000 1.24295e-002
5.86664e+000 1.24199e-002
5.88331e+000 1.24104e-002
5.89998e+000 1.24009e-002
5.91664e+000 1.23915e-002
5.93331e+000 1.23820e-002
5.94998e+000 1.23725e-002
5.96664e+000 1.23631e-002
5.98331e+000 1.23537e-002
5.99998e+000 1.23443e-002
6.01664e+000 1.23350e-002
6.03331e+000 1.23256e-002
6.04998e+000 1.23163e-002
6.06664e+000 1.23070e-002
6.08331e+000 1.22977e-002
6.09998e+000 1.22884e-002
6.11664e+000 1.22791e-002
6.13331e+000 1.22699e-002
6.14998e+000 1.22606e-002
6.16664e+000 1.22514e-002
6.18331e+000 1.22422e-002
6.19998e+000 1.22330e-002
6.21664e+000 1.22239e-002
6.23331e+000 1.22147e-002
6.24997e+000 1.22056e-002
6.26664e+000 1.21965e-002
6.28331e+000 1.21874e-002
6.29997e+000 1.21783e-002
6.31664e+000 1.21692e-002
6.33331e+000 1.21602e-002
6.34997e+000 1.21512e-002
6.36664e+000 1.21422e-002
6.38331e+000 1.21332e-002
6.39997e+000 1.21242e-002
6.41664e+000 1.21152e-002
6.43331e+000 1.21063e-002
6.44997e+000 1.20973e-002
6.46664e+000 1.20884e-002
6.48331e+000 1.20795e-002
6.49997e+000 1.20706e-002
6.51664e+000 1.20618e-002
6.53331e+000 1.20529e-002
6.54997e+000 1.20441e-002
6.56664e+000 1.20353e-002
6.58331e+000 1.20265e-002
6.59997e+000 1.20177e-002
6.61664e+000 1.20089e-002
6.63331e+000 1.20002e-002
6.64997e+000 1.19914e-002
6.66664e+000 1.19827e-002
6.68331e+000 1.19740e-002
6.69997e+000 1.19653e-002
6.71664e+000 1.19566e-002
6.73331e+000 1.19480e-002
6.74997e+000 1.19393e-002
6.76664e+000 1.19307e-002
6.78331e+000 1.19221e-002
6.79997e+000 1.19135e-002
6.81664e+000 1.19049e-002
6.83331e+000 1.18964e-002
6.84997e+000 1.18878e-002
6.86664e+000 1.18793e-002
6.88331e+000 1.18707e-002
6.89997e+000 1.18622e-002
6.91664e+000 1.18538e-002
6.93331e+000 1.18453e-002
6.94997e+000 1.18368e-002
6.96664e+000 1.18284e-002
6.98331e+000 1.18199e-002
6.99997e+000 1.18115e-002
7.01664e+000 1.18031e-002
7.03331e+000 1.17947e-002
7.04997e+000 1.17864e-002
7.06664e+000 1.17780e-002
7.08330e+000 1.17697e-002
7.09997e+000 1.17613e-002
7.11664e+000 1.17530e-002
7.13330e+000 1.17447e-002
7.14997e+000 1.17364e-002
7.16664e+000 1.17282e-002
7.18330e+000 1.17199e-002
7.19997e+000 1.17117e-002
7.21664e+000 1.17034e-002
7.23330e+000 1.16952e-002
7.24997e+000 1.16870e-002
7.26664e+000 1.16788e-002
7.28330e+000 1.16707e-002
7.29997e+000 1.16625e-002
7.31664e+000 1.16544e-002
7.33330e+000 1.16462e-002
7.34997e+000 1.16381e-002
7.36664e+000 1.16300e-002
7.38330e+000 1.16219e-002
7.39997e+000 1.16139e-002
7.41664e+000 1.16058e-002
7.43330e+000 1.15978e-002
7.44997e+000 1.15897e-002
7.46664e+000 1.15817e-002
7.48330e+000 1.15737e-002
7.49997e+000 1.15657e-002
7.51664e+000 1.15578e-002
7.53330e+000 1.15498e-002
7.54997e+000 1.15418e-002
7.56664e+000 1.15339e-002
7.58330e+000 1.15260e-002
7.59997e+000 1.15181e-002
7.61664e+000 1.15102e-002
7.63330e+000 1.15023e-002
7.64997e+000 1.14944e-002
7.66664e+000 1.14866e-002
7.68330e+000 1.14787e-002
7.69997e+000 1.14709e-002
7.71664e+000 1.14631e-002
7.73330e+000 1.14553e-002
7.74997e+000 1.14475e-002
7.76664e+000 1.14397e-002
7.78330e+000 1.14319e-002
7.79997e+000 1.14242e-002
7.81664e+000 1.14165e-002
7.83330e+000 1.14087e-002
7.84997e+000 1.14010e-002
7.86664e+000 1.13933e-002
7.88330e+000 1.13856e-002
7.89997e+000 1.13780e-002
7.91663e+000 1.13703e-002
7.93330e+000 1.13627e-002
7.94997e+000 1.13550e-002
7.96663e+000 1.13474e-002
7.98330e+000 1.13398e-002
7.99997e+000 1.13322e-002
8.01663e+000 1.13246e-002
8.03330e+000 1.13170e-002
8.04997e+000 1.13095e-002
8.06663e+000 1.13019e-002
8.08330e+000 1.12944e-002
8.09997e+000 1.12869e-002
8.11663e+000 1.12793e-002
8.13330e+000 1.12718e-002
8.14997e+000 1.12644e-002
8.16663e+000 1.12569e-002
8.18330e+000 1.12494e-002
8.19997e+000 1.12420e-002
8.21663e+000 1.12345e-002
8.23330e+000 1.12271e-002
8.24997e+000 1.12197e-002
8.26663e+000 1.12123e-002
8.28330e+000 1.12049e-002
8.29997e+000 1.11975e-002
8.31663e+000 1.11901e-002
8.33330e+000 1.11828e-002
8.34997e+000 1.11755e-002
8.36663e+000 1.11681e-002
8.38330e+000 1.11608e-002
8.39997e+000 1.11535e-002
8.41663e+000 1.11462e-002
8.43330e+000 1.11389e-002
8.44997e+000 1.11316e-002
8.46663e+000 1.11244e-002
8.48330e+000 1.11171e-002
8.49997e+000 1.11099e-002
8.51663e+000 1.11027e-002
8.53330e+000 1.10955e-002
8.54997e+000 1.10882e-002
8.56663e+000 1.10811e-002
8.58330e+000 1.10739e-002
8.59997e+000 1.10667e-002
8.61663e+000 1.10595e-002
8.63330e+000 1.10524e-002
8.64997e+000 1.10453e-002
8.66663e+000 1.10381e-002
8.68330e+000 1.10310e-002
8.69997e+000 1.10239e-002
8.71663e+000 1.10168e-002
8.73330e+000 1.10098e-002
8.74996e+000 1.10027e-002
8.76663e+000 1.09956e-002
8.78330e+000 1.09886e-002
8.79996e+000 1.09815e-002
8.81663e+000 1.09745e-002
8.83330e+000 1.09675e-002
8.84996e+000 1.09605e-002
8.86663e+000 1.09535e-002
8.88330e+000 1.09465e-002
8.89996e+000 1.09396e-002
8.91663e+000 1.09326e-002
8.93330e+000 1.09257e-002
8.94996e+000 1.09187e-002
8.96663e+000 1.09118e-002
8.98330e+000 1.09049e-002
8.99996e+000 1.08980e-002
9.01663e+000 1.08911e-002
9.03330e+000 1.08842e-002
9.04996e+000 1.08773e-002
9.06663e+000 1.08705e-002
9.08330e+000 1.08636e-002
9.09996e+000 1.08568e-002
9.11663e+000 1.08499e-002
9.13330e+000 1.08431e-002
9.14996e+000 1.08363e-002
9.16663e+000 1.08295e-002
9.18330e+000 1.08227e-002
9.19996e+000 1.08159e-002
9.21663e+000 1.08091e-002
9.23330e+000 1.08024e-002
9.24996e+000 1.07956e-002
9.26663e+000 1.07889e-002
9.28330e+000 1.07822e-002
9.29996e+000 1.07755e-002
9.31663e+000 1.07687e-002
9.33330e+000 1.07620e-002
9.34996e+000 1.07554e-002
9.36663e+000 1.07487e-002
9.38330e+000 1.07420e-002
9.39996e+000 1.07354e-002
9.41663e+000 1.07287e-002
9.43330e+000 1.07221e-002
9.44996e+000 1.07154e-002
9.46663e+000 1.07088e-002
9.48330e+000 1.07022e-002
9.49996e+000 1.06956e-002
9.51663e+000 1.06890e-002
9.53330e+000 1.06824e-002
9.54996e+000 1.06759e-002
9.56663e+000 1.06693e-002
9.58330e+000 1.06628e-002
9.59996e+000 1.06562e-002
9.61663e+000 1.06497e-002
9.63329e+000 1.06432e-002
9.64996e+000 1.06367e-002
9.66663e+000 1.06302e-002
9.68329e+000 1.06237e-002
9.69996e+000 1.06172e-002
9.71663e+000 1.06107e-002
9.73329e+000 1.06042e-002
9.74996e+000 1.05978e-002
9.76663e+000 1.05913e-002
9.78329e+000 1.05849e-002
9.79996e+000 1.05785e-002
9.81663e+000 1.05721e-002
9.83329e+000 1.05657e-002
9.84996e+000 1.05593e-002
9.86663e+000 1.05529e-002
9.88329e+000 1.05465e-002
9.89996e+000 1.05401e-002
9.91663e+000 1.05338e-002
9.93329e+000 1.05274e-002
9.94996e+000 1.05211e-002
9.96663e+000 1.05147e-002
9.98329e+000 1.05084e-002
9.99996e+000 1.05021e-002
1.00166e+001 1.04958e-002

########## Final precursors ##########
2.21971e+001
4.55932e+001
7.74191e+000
4.37362e+000
2.67050e-001
1.98636e-002

########## Final Reactivity ##########
2.10000e-001